0.0,-0.687716873,-0.499796363517,-0.505067464592,-0.578304815822,-0.674050652483,-0.553866669798,-0.659557041748,-0.536481078558,-0.646197295327,-0.542705370446,-0.516661187686,-0.550372918409,-0.664638810154,-0.472424582531,-0.597022535348,-0.670819733536,-0.545101197201,-0.59703061629,-0.610250549757,-0.516092930702,-0.647094504377,-0.584401137328,-0.59877811922,-0.623325478209,-0.596416960135,-0.600519219635,-0.591019384115,-0.654536661634,-0.640250546017,-0.566379453259,-0.527049306998,-0.578950997901,-0.602347102241,-0.366863495606,-0.578760126533,-0.686966549671,-0.665784859354,-0.588642346957,-0.615027612477,-0.662029307433,-0.524004190477,-0.6548323963,-0.628238705844,-0.650942148569,-0.694051543181,-0.605560889468,-0.56437230914,-0.576728564055,-0.671080157035,-0.607339821145,-0.402120648981,-0.636792593246,-0.601151976908,-0.644722475325,-0.60631734427,-0.45130042845,-0.674873911986,-0.680094854786,-0.587044828436
-0.687716873,0.0,-0.51772916697,-0.542458256416,-0.634579546681,-0.670032556829,-0.621341381501,-0.640193316869,-0.570161916815,-0.654386476668,-0.591429435408,-0.461891268405,-0.545322372133,-0.667246723056,-0.455176709451,-0.611473630761,-0.686456503064,-0.597493775661,-0.65358383232,-0.662555939505,-0.52236303066,-0.682565948969,-0.64104726401,-0.647715586555,-0.684952325189,-0.644078281648,-0.506439308858,-0.606880620132,-0.652983288888,-0.655925641146,-0.477723647387,-0.657687620746,-0.634272873768,-0.66583141632,-0.363284974473,-0.599123006879,-0.658096227474,-0.67725543171,-0.610643280831,-0.624101563209,-0.581637928784,-0.508995004966,-0.671354206699,-0.662873673624,-0.552206603337,-0.663017746712,-0.594836110991,-0.456557809541,-0.60669682019,-0.678880915001,-0.671497591903,-0.42182511959,-0.683262358312,-0.616590564564,-0.696643986931,-0.6668521723,-0.458612784379,-0.680953845659,-0.655093686193,-0.599508001415
-0.499796363517,-0.51772916697,0.0,-0.430369025872,-0.438099829068,-0.564570641717,-0.419653017154,-0.551800856881,-0.446294737009,-0.469359497993,-0.429264558202,-0.483608640334,-0.426448265234,-0.669545072638,-0.400838527704,-0.443611542236,-0.529708149523,-0.50719967248,-0.424745933158,-0.492509670163,-0.452461231384,-0.45576209601,-0.45123343738,-0.473984311925,-0.458215456859,-0.446599947303,-0.467305289002,-0.627844411575,-0.661554866142,-0.517906343136,-0.461496883116,-0.45782700266,-0.489307970924,-0.519863280391,-0.438349636979,-0.425894540318,-0.497540351086,-0.656028006693,-0.56460540742,-0.533847984847,-0.439764771535,-0.532740215241,-0.537370509839,-0.444589929347,-0.41704844927,-0.544614761831,-0.514377406711,-0.441205255045,-0.414761856272,-0.514885342103,-0.532098653354,-0.46776086899,-0.506816204019,-0.518930613824,-0.490584134598,-0.537279841713,-0.458470749834,-0.634481943291,-0.651928262154,-0.362133529951
-0.505067464592,-0.542458256416,-0.430369025872,0.0,-0.386812295664,-0.60703318083,-0.0205281412488,-0.520295814336,-0.314375544635,-0.459924683759,-0.0567345787878,-0.327102915209,-0.360495648078,-0.637691497051,-0.339143629313,-0.502418686643,-0.578187201768,-0.408906566216,-0.403978764075,-0.486665424521,-0.324735849566,-0.506541161341,-0.200706701929,-0.369499092509,-0.474002229623,-0.437528454398,-0.400836896184,-0.536006782395,-0.62015220214,-0.528442674545,-0.394912160833,-0.344388156848,-0.522329553807,-0.489176651087,-0.254063541829,-0.0216390279552,-0.50787736796,-0.654968991857,-0.549960631247,-0.499945988769,-0.386215811115,-0.377768638405,-0.549615792486,-0.435621418625,-0.289605307726,-0.578735810715,-0.494704160357,-0.316870649595,-0.465493594456,-0.581790405933,-0.459682591491,-0.287951495841,-0.520974034073,-0.540490020104,-0.502182496727,-0.510508755226,-0.304095760098,-0.663129207725,-0.644964735724,-0.341581906997
-0.578304815822,-0.634579546681,-0.438099829068,-0.386812295664,0.0,-0.643255358182,-0.421266038064,-0.648345141236,-0.333562002025,-0.642057174086,-0.408559248705,-0.41560117529,-0.27922801351,-0.668499633517,-0.235262305512,-0.475487174163,-0.627826718929,-0.426711528689,-0.509045987645,-0.559551907438,-0.292369099891,-0.613300914023,-0.495571561584,-0.48029676778,-0.598866736374,-0.406271425432,-0.481032051934,-0.560180605662,-0.615922774985,-0.563644758031,-0.455079395414,-0.332718130497,-0.545679427347,-0.527707100228,-0.299266910951,-0.417571388888,-0.664067407667,-0.667057684919,-0.555347118044,-0.564216599254,-0.562337992627,-0.3229418008,-0.612183580768,-0.523382107427,-0.472485000164,-0.665331116043,-0.571365428953,-0.407008490205,-0.611396938103,-0.668053991194,-0.590457452333,-0.23745761863,-0.597606007561,-0.504640112377,-0.644259354812,-0.534353935754,-0.261162738123,-0.6687711807,-0.658173460807,-0.319861690574
-0.674050652483,-0.670032556829,-0.564570641717,-0.60703318083,-0.643255358182,0.0,-0.604949094177,-0.672469282679,-0.63236533867,-0.670668580364,-0.60938856753,-0.544772622525,-0.589846589505,-0.672503502271,-0.505535354881,-0.635135825372,-0.666583884446,-0.626248434257,-0.643969650058,-0.646942389408,-0.61595081544,-0.663828319827,-0.64241212122,-0.657619518375,-0.656774521111,-0.624829762474,-0.57811181474,-0.652741177258,-0.668536774024,-0.65858941221,-0.597695426279,-0.614576707561,-0.674816091379,-0.654158461584,-0.483822347119,-0.604235035048,-0.66066288204,-0.681960094546,-0.641273983668,-0.643976433763,-0.624712666441,-0.560682672268,-0.650075878546,-0.648534059048,-0.615277947645,-0.676438491383,-0.641000657378,-0.58531160611,-0.61657074384,-0.688666170906,-0.662040664938,-0.52669868698,-0.672911044036,-0.661856264294,-0.676722491604,-0.658713976021,-0.57536058096,-0.689498178564,-0.671550302,-0.573996519871
-0.553866669798,-0.621341381501,-0.419653017154,-0.0205281412488,-0.421266038064,-0.604949094177,0.0,-0.518265745339,-0.314743544529,-0.464679316989,-0.0230210747282,-0.319348113682,-0.361908366188,-0.653010154459,-0.321010764509,-0.52140741367,-0.594407692863,-0.40958272385,-0.439381852715,-0.506136961378,-0.317819516285,-0.526234277309,-0.215088385197,-0.390341838283,-0.493327070859,-0.472794139793,-0.404075238985,-0.535698422128,-0.637937821961,-0.581484772641,-0.391984937039,-0.349641294117,-0.544032760153,-0.517951885958,-0.160396495414,0.0,-0.540803650794,-0.655209998487,-0.521116431855,-0.486423150375,-0.406576885348,-0.366013828103,-0.567764690268,-0.428516488584,-0.299027820939,-0.606550372341,-0.492516126131,-0.30428453388,-0.497377587795,-0.606197527537,-0.483636090648,-0.258732653476,-0.54505292325,-0.550559876923,-0.542326227804,-0.539420233302,-0.280048804315,-0.66055988121,-0.641782178964,-0.359724248975
-0.659557041748,-0.640193316869,-0.551800856881,-0.520295814336,-0.648345141236,-0.672469282679,-0.518265745339,0.0,-0.609794914373,-0.558187536252,-0.521991982593,-0.504164695445,-0.613879922141,-0.663100108333,-0.586010519404,-0.6509678558,-0.644635877744,-0.639544997544,-0.629322049499,-0.661559700322,-0.610187090728,-0.610401299834,-0.574553824819,-0.619228226746,-0.625982585899,-0.650956704103,-0.543000168548,-0.651433064827,-0.659663240665,-0.660650345187,-0.544285257187,-0.611848975213,-0.635942913994,-0.669881502582,-0.487771520529,-0.515907179071,-0.595226841487,-0.663646222387,-0.636413332549,-0.600042181858,-0.548521351148,-0.589426306657,-0.647631774891,-0.625551099244,-0.540647352688,-0.641623483037,-0.554343210836,-0.519947976961,-0.633352987657,-0.629212175047,-0.637530637669,-0.556996762786,-0.637672908912,-0.676017485692,-0.610652532462,-0.669274722176,-0.583950854534,-0.661579996207,-0.676104227698,-0.612427051563
-0.536481078558,-0.570161916815,-0.446294737009,-0.314375544635,-0.333562002025,-0.63236533867,-0.314743544529,-0.609794914373,0.0,-0.553540718101,-0.312866440515,-0.363132101822,-0.3506696603,-0.662269612607,-0.342364737941,-0.498527877532,-0.62792119375,-0.371584971043,-0.517043667586,-0.549766576232,-0.0813673313884,-0.569396284251,-0.354544576537,-0.381957391889,-0.573949738284,-0.409091186755,-0.413594935409,-0.534727865528,-0.648706459497,-0.547231044362,-0.403553338602,-0.148484346197,-0.464868909504,-0.503905839484,-0.277774963253,-0.314166494719,-0.605847243821,-0.659178868507,-0.509007298091,-0.47470667479,-0.436197282203,-0.373012386871,-0.602489876358,-0.532038970291,-0.3288706129,-0.580707652518,-0.540446715789,-0.322893833063,-0.483665991422,-0.6050560453,-0.55121538263,-0.0912741021413,-0.55201087155,-0.51082943542,-0.578898994277,-0.539840124113,-0.0150843682977,-0.664534702069,-0.640946604497,-0.388746848788
-0.646197295327,-0.654386476668,-0.469359497993,-0.459924683759,-0.642057174086,-0.670668580364,-0.464679316989,-0.558187536252,-0.553540718101,0.0,-0.468835759504,-0.446171679477,-0.562592581246,-0.654389738173,-0.492471820353,-0.602425285392,-0.658949021003,-0.614332629725,-0.619193428583,-0.651540858442,-0.543699506331,-0.594129785751,-0.560602484384,-0.611447780614,-0.626581449079,-0.635591779425,-0.520702077463,-0.617287010886,-0.654165329777,-0.667904720466,-0.509180672752,-0.555797186726,-0.584142381945,-0.653795559431,-0.35730142733,-0.452974521787,-0.616135295787,-0.650348052853,-0.582761014722,-0.584565842723,-0.548433833468,-0.508082706009,-0.657105052935,-0.613386709407,-0.518561215948,-0.650898692912,-0.534216938172,-0.468323733485,-0.609990210115,-0.625071719689,-0.636902225104,-0.449760982559,-0.640457912788,-0.649450636308,-0.636928659006,-0.655044650093,-0.486579564781,-0.659314344101,-0.684556852378,-0.572858172571
-0.542705370446,-0.591429435408,-0.429264558202,-0.0567345787878,-0.408559248705,-0.60938856753,-0.0230210747282,-0.521991982593,-0.312866440515,-0.468835759504,0.0,-0.308788747522,-0.360057579091,-0.644510318626,-0.332095483736,-0.517291580333,-0.587506857263,-0.410047444767,-0.432231532879,-0.514824882391,-0.319547907248,-0.521914486063,-0.209334357595,-0.380322897985,-0.48987573753,-0.464785769675,-0.406779312253,-0.536777937749,-0.634365892576,-0.565703697133,-0.397025835841,-0.347024606566,-0.538987940043,-0.511015716449,-0.195530345406,-0.0175827789482,-0.5247042165,-0.65571312214,-0.539716854129,-0.483060033797,-0.404225170441,-0.373175616336,-0.567659398937,-0.42233963567,-0.304637934669,-0.602649608504,-0.497078490985,-0.317095997075,-0.488279702905,-0.605217237666,-0.490047769656,-0.268993506125,-0.541107802857,-0.54897903403,-0.517510573252,-0.533719859963,-0.287804968591,-0.667101084391,-0.641500340804,-0.360823184463
-0.516661187686,-0.461891268405,-0.483608640334,-0.327102915209,-0.41560117529,-0.544772622525,-0.319348113682,-0.504164695445,-0.363132101822,-0.446171679477,-0.308788747522,0.0,-0.411547978141,-0.655266241236,-0.414246762584,-0.50806756286,-0.49819925863,-0.491184355301,-0.466918805646,-0.529086007299,-0.381931445763,-0.458451240037,-0.368711929959,-0.437706429284,-0.499353993652,-0.449487870484,-0.341701416194,-0.589193962148,-0.662379329114,-0.513503484474,-0.477945664877,-0.371024948257,-0.508426073981,-0.53427336165,-0.371328151869,-0.319413447317,-0.434349382011,-0.664330637365,-0.569607968747,-0.491152608294,-0.285818290128,-0.441073519627,-0.518104165079,-0.450297788689,-0.285717248115,-0.494826917228,-0.452089826125,-0.351500795592,-0.434506861271,-0.520379506045,-0.478975452672,-0.387858909095,-0.482010225233,-0.571862310748,-0.503479292025,-0.511771831451,-0.380477924622,-0.64450227547,-0.609497014579,-0.38091117703
-0.550372918409,-0.545322372133,-0.426448265234,-0.360495648078,-0.27922801351,-0.589846589505,-0.361908366188,-0.613879922141,-0.3506696603,-0.562592581246,-0.360057579091,-0.411547978141,0.0,-0.673138910513,-0.287305511986,-0.514822163393,-0.598011917052,-0.454707115879,-0.455202913525,-0.512728975468,-0.335157828301,-0.545584021798,-0.437066453686,-0.472708291127,-0.564711575556,-0.388181156613,-0.430848889413,-0.574500364726,-0.670799878133,-0.558654039006,-0.423620374975,-0.361132859563,-0.522014274005,-0.519795027847,-0.329877350335,-0.36174924562,-0.557803925856,-0.653641457,-0.571288709291,-0.552554159566,-0.457146042004,-0.360173310776,-0.597689068632,-0.409508308512,-0.349903543734,-0.616931332072,-0.543255116432,-0.358896856726,-0.292535464533,-0.609532404145,-0.479618797551,-0.335513080426,-0.53555196415,-0.556381936459,-0.600740702169,-0.536600373016,-0.323252139263,-0.663757145367,-0.652547783167,-0.220590594353
-0.664638810154,-0.667246723056,-0.669545072638,-0.637691497051,-0.668499633517,-0.672503502271,-0.653010154459,-0.663100108333,-0.662269612607,-0.654389738173,-0.644510318626,-0.655266241236,-0.673138910513,0.0,-0.670181767928,-0.669118011283,-0.674149930747,-0.658802420996,-0.646114797236,-0.653249280091,-0.663119472473,-0.661385537845,-0.651849400922,-0.653089962379,-0.662561210083,-0.670695887759,-0.664794107268,-0.680479094637,-0.664355278313,-0.669002375,-0.670396235227,-0.669432823401,-0.658105227153,-0.668599258445,-0.636237385145,-0.648383963095,-0.674235900585,-0.68890296072,-0.63471619264,-0.664381778526,-0.66604543395,-0.67686699727,-0.675263226173,-0.65858307985,-0.665373824612,-0.677106719819,-0.67088274791,-0.661720396945,-0.679638107135,-0.667461143334,-0.667639258052,-0.655092553147,-0.671755246519,-0.672002332056,-0.66514394165,-0.669723729187,-0.66410062786,-0.679921912652,-0.675671491181,-0.668605356638
-0.472424582531,-0.455176709451,-0.400838527704,-0.339143629313,-0.235262305512,-0.505535354881,-0.321010764509,-0.586010519404,-0.342364737941,-0.492471820353,-0.332095483736,-0.414246762584,-0.287305511986,-0.670181767928,0.0,-0.456834418495,-0.521826344796,-0.447013248464,-0.435368146456,-0.456471077399,-0.346566799215,-0.48556118706,-0.36955489465,-0.415335363939,-0.500013568295,-0.396479117528,-0.409552106789,-0.567534726924,-0.669731928122,-0.501044185012,-0.403918365354,-0.358948486437,-0.479795254644,-0.48825652752,-0.366583675932,-0.320620443747,-0.494409860687,-0.630797929662,-0.550469052694,-0.503646281235,-0.387489163412,-0.321518307737,-0.53731103971,-0.357088997892,-0.315520438919,-0.555584730686,-0.522681316732,-0.352459122828,-0.245649532389,-0.55218839054,-0.435265145982,-0.367182308219,-0.449450012612,-0.555430508635,-0.522709795886,-0.503244795972,-0.351697483421,-0.65429782871,-0.646587583975,-0.211546226577
-0.597022535348,-0.611473630761,-0.443611542236,-0.502418686643,-0.475487174163,-0.635135825372,-0.52140741367,-0.6509678558,-0.498527877532,-0.602425285392,-0.517291580333,-0.50806756286,-0.514822163393,-0.669118011283,-0.456834418495,0.0,-0.617354220103,-0.545922053431,-0.614701763245,-0.609849713538,-0.491923530941,-0.596430286095,-0.565146630797,-0.584178258187,-0.596628356834,-0.554016496592,-0.560009723165,-0.595835784992,-0.663787309262,-0.635345534747,-0.532996854702,-0.511067716251,-0.564878485575,-0.594340925454,-0.39403720756,-0.520316470269,-0.638272629192,-0.655829054473,-0.583072539608,-0.612234737942,-0.587680219606,-0.532410855076,-0.637010912341,-0.547903859934,-0.559002588058,-0.657840210017,-0.612742488372,-0.519269695055,-0.452457391256,-0.638843183863,-0.55853521789,-0.419604739349,-0.574143924285,-0.563968669726,-0.632428676301,-0.587805821423,-0.445094083625,-0.669567959359,-0.672286984972,-0.478982572444
-0.670819733536,-0.686456503064,-0.529708149523,-0.578187201768,-0.627826718929,-0.666583884446,-0.594407692863,-0.644635877744,-0.62792119375,-0.658949021003,-0.587506857263,-0.49819925863,-0.598011917052,-0.674149930747,-0.521826344796,-0.617354220103,0.0,-0.603504628114,-0.63796496311,-0.652078292635,-0.590455505593,-0.66693067463,-0.632485058112,-0.64574834661,-0.664884932451,-0.643233036937,-0.579920873133,-0.631384907221,-0.6581515419,-0.655406262892,-0.569251855005,-0.584655571636,-0.651879737543,-0.651662689582,-0.429927754833,-0.614295501075,-0.672319804287,-0.66569216103,-0.635222693693,-0.642887947689,-0.642118688824,-0.581926688439,-0.63681517142,-0.651690612887,-0.619275125401,-0.691137026547,-0.61760413923,-0.550445522101,-0.593383846238,-0.689716334686,-0.647630455375,-0.486811314284,-0.670344027056,-0.633185372148,-0.673794343456,-0.655683954726,-0.54723797526,-0.667914270025,-0.665594188286,-0.616448019964
-0.545101197201,-0.597493775661,-0.50719967248,-0.408906566216,-0.426711528689,-0.626248434257,-0.40958272385,-0.639544997544,-0.371584971043,-0.614332629725,-0.410047444767,-0.491184355301,-0.454707115879,-0.658802420996,-0.447013248464,-0.545922053431,-0.603504628114,0.0,-0.512015169993,-0.539152420859,-0.332727496298,-0.590159267715,-0.422388406986,-0.416009324268,-0.543961998926,-0.487301771336,-0.534211120858,-0.553810148913,-0.647380637847,-0.501756886961,-0.535324084815,-0.426476532419,-0.574308070612,-0.488117192917,-0.35674306788,-0.409270806138,-0.627369468694,-0.655292812914,-0.522042229195,-0.505641186145,-0.566540793709,-0.443200871408,-0.565614675456,-0.515893525972,-0.526185100229,-0.652287007313,-0.62020140447,-0.509531565707,-0.546167051587,-0.637612216735,-0.531351054511,-0.363853698772,-0.533892327288,-0.528386157741,-0.577892637572,-0.510848193603,-0.371411460664,-0.663221062595,-0.632460518472,-0.453567583552
-0.59703061629,-0.65358383232,-0.424745933158,-0.403978764075,-0.509045987645,-0.643969650058,-0.439381852715,-0.629322049499,-0.517043667586,-0.619193428583,-0.432231532879,-0.466918805646,-0.455202913525,-0.646114797236,-0.435368146456,-0.614701763245,-0.63796496311,-0.512015169993,0.0,-0.591455512751,-0.486937980852,-0.626146268956,-0.531902379181,-0.571675340257,-0.589433845734,-0.531099092095,-0.529848873776,-0.568935252184,-0.660247528212,-0.612733523801,-0.510656388115,-0.562017652785,-0.611275590689,-0.557797684317,-0.328089206331,-0.443858921491,-0.643925678443,-0.669560614565,-0.55816841578,-0.579470293787,-0.591336259646,-0.458285018967,-0.631400829451,-0.51260184166,-0.560742141454,-0.687906931258,-0.597831661039,-0.496385139214,-0.491366789257,-0.675980960019,-0.569824092301,-0.389384971704,-0.622055953288,-0.557890807425,-0.649124299544,-0.568271827274,-0.441635056093,-0.670425856787,-0.651953324057,-0.473180574326
-0.610250549757,-0.662555939505,-0.492509670163,-0.486665424521,-0.559551907438,-0.646942389408,-0.506136961378,-0.661559700322,-0.549766576232,-0.651540858442,-0.514824882391,-0.529086007299,-0.512728975468,-0.653249280091,-0.456471077399,-0.609849713538,-0.652078292635,-0.539152420859,-0.591455512751,0.0,-0.514014962568,-0.654988393059,-0.557159410995,-0.57989162903,-0.6219986966,-0.560887474435,-0.587739597518,-0.573348519744,-0.655841809298,-0.613372597311,-0.567592904625,-0.521250877228,-0.617979805066,-0.559115358804,-0.386642800255,-0.506675772215,-0.680549998212,-0.672697680943,-0.569705595129,-0.582950851061,-0.638282914356,-0.469597633232,-0.613730033253,-0.610242700128,-0.641237017677,-0.689847221316,-0.63369988647,-0.573897492273,-0.564664663379,-0.676567799666,-0.589921860129,-0.414063355843,-0.622580624662,-0.564067667767,-0.647352153633,-0.572243961841,-0.45579812372,-0.671113527063,-0.661044618353,-0.542658853296
-0.516092930702,-0.52236303066,-0.452461231384,-0.324735849566,-0.292369099891,-0.61595081544,-0.317819516285,-0.610187090728,-0.0813673313884,-0.543699506331,-0.319547907248,-0.381931445763,-0.335157828301,-0.663119472473,-0.346566799215,-0.491923530941,-0.590455505593,-0.332727496298,-0.486937980852,-0.514014962568,0.0,-0.534690208501,-0.333060465853,-0.357199384923,-0.551772937238,-0.374497999267,-0.407522453567,-0.535663260298,-0.641520401513,-0.515147251164,-0.410307937118,-0.0726814887655,-0.454780653389,-0.493802855096,-0.301766599074,-0.318743979743,-0.58868286238,-0.65728932,-0.502636676959,-0.475160162476,-0.429788032702,-0.37741696763,-0.591410123883,-0.488625442922,-0.312062012695,-0.544288669772,-0.543433036982,-0.327274679263,-0.454010498774,-0.568635988871,-0.514190527547,-0.0884837246032,-0.508589981263,-0.508352867693,-0.559561293301,-0.492715538445,-0.034290151138,-0.66217601679,-0.646429617819,-0.35868689414
-0.647094504377,-0.682565948969,-0.45576209601,-0.506541161341,-0.613300914023,-0.663828319827,-0.526234277309,-0.610401299834,-0.569396284251,-0.594129785751,-0.521914486063,-0.458451240037,-0.545584021798,-0.661385537845,-0.48556118706,-0.596430286095,-0.66693067463,-0.590159267715,-0.626146268956,-0.654988393059,-0.534690208501,0.0,-0.619198897323,-0.6424220216,-0.633860673631,-0.628908734866,-0.540274429621,-0.616105137247,-0.661628956703,-0.664075446724,-0.528688741153,-0.566366565596,-0.594778843391,-0.654172480954,-0.371686269278,-0.547384081396,-0.651267691551,-0.649108766922,-0.613981464372,-0.611014591035,-0.601928914449,-0.497665814207,-0.667448059948,-0.625039904828,-0.561182000831,-0.678113261873,-0.555354736734,-0.489625279172,-0.547720164591,-0.647451561153,-0.63869406646,-0.431449703846,-0.661847158596,-0.636722188444,-0.641865271535,-0.651773961141,-0.492625421982,-0.670109368508,-0.685413611182,-0.549254871449
-0.584401137328,-0.64104726401,-0.45123343738,-0.200706701929,-0.495571561584,-0.64241212122,-0.215088385197,-0.574553824819,-0.354544576537,-0.560602484384,-0.209334357595,-0.368711929959,-0.437066453686,-0.651849400922,-0.36955489465,-0.565146630797,-0.632485058112,-0.422388406986,-0.531902379181,-0.557159410995,-0.333060465853,-0.619198897323,0.0,-0.420485973619,-0.571090114921,-0.527755654622,-0.478681433118,-0.542903402881,-0.655054528577,-0.577619004203,-0.459229778929,-0.35958018056,-0.566654986982,-0.537016077715,-0.222945764378,-0.226222194197,-0.60981925763,-0.658574476176,-0.502493181761,-0.476592216814,-0.528847589812,-0.374755690063,-0.609086539323,-0.5192806316,-0.466252595168,-0.644907470879,-0.549408177474,-0.406518179847,-0.580318025362,-0.639283106531,-0.554269452071,-0.248271513056,-0.574877362947,-0.555009293837,-0.642568950503,-0.549891960985,-0.26782959854,-0.664361892448,-0.639908179895,-0.480617873445
-0.59877811922,-0.647715586555,-0.473984311925,-0.369499092509,-0.48029676778,-0.657619518375,-0.390341838283,-0.619228226746,-0.381957391889,-0.611447780614,-0.380322897985,-0.437706429284,-0.472708291127,-0.653089962379,-0.415335363939,-0.584178258187,-0.64574834661,-0.416009324268,-0.571675340257,-0.57989162903,-0.357199384923,-0.6424220216,-0.420485973619,0.0,-0.616939590879,-0.532859459205,-0.513019810168,-0.563608917518,-0.643712067034,-0.580524827395,-0.503299942623,-0.370548063244,-0.578006132755,-0.533391760563,-0.296443425646,-0.362798468891,-0.656942922501,-0.662488616317,-0.521630542185,-0.518252971305,-0.578666888473,-0.431019064773,-0.611309259014,-0.562515666215,-0.545479549206,-0.649169136749,-0.598791071323,-0.478282060689,-0.584423632498,-0.653065748558,-0.572449203136,-0.292130456936,-0.589134737736,-0.563886464615,-0.638022547028,-0.538224955897,-0.290665166707,-0.669326051917,-0.65298592035,-0.507498021999
-0.623325478209,-0.684952325189,-0.458215456859,-0.474002229623,-0.598866736374,-0.656774521111,-0.493327070859,-0.625982585899,-0.573949738284,-0.626581449079,-0.48987573753,-0.499353993652,-0.564711575556,-0.662561210083,-0.500013568295,-0.596628356834,-0.664884932451,-0.543961998926,-0.589433845734,-0.6219986966,-0.551772937238,-0.633860673631,-0.571090114921,-0.616939590879,0.0,-0.626771773667,-0.579132795542,-0.587502276481,-0.660674013787,-0.645073083146,-0.55222584232,-0.562173812907,-0.629074061544,-0.606136831335,-0.394859029734,-0.503888355175,-0.668927161758,-0.663544168282,-0.585246750551,-0.598979395152,-0.638709105735,-0.493356284963,-0.649431624482,-0.594425476464,-0.623555164999,-0.692599299947,-0.592968640705,-0.549304149765,-0.575240217406,-0.674063730655,-0.595328597796,-0.419493720226,-0.641940627755,-0.611664930271,-0.632207640335,-0.611521461186,-0.484353905098,-0.671128871645,-0.677657286862,-0.584914503175
-0.596416960135,-0.644078281648,-0.446599947303,-0.437528454398,-0.406271425432,-0.624829762474,-0.472794139793,-0.650956704103,-0.409091186755,-0.635591779425,-0.464785769675,-0.449487870484,-0.388181156613,-0.670695887759,-0.396479117528,-0.554016496592,-0.643233036937,-0.487301771336,-0.531099092095,-0.560887474435,-0.374497999267,-0.628908734866,-0.527755654622,-0.532859459205,-0.626771773667,0.0,-0.51341930137,-0.552108852969,-0.669664317692,-0.59877866084,-0.47652206584,-0.456504611841,-0.563738756973,-0.548407853368,-0.316399265046,-0.472586246393,-0.651243776618,-0.654650331245,-0.564198799671,-0.572848563714,-0.57420548233,-0.385249388042,-0.615421594498,-0.524416727964,-0.503773752718,-0.669640002472,-0.583733988792,-0.445975868211,-0.424208396444,-0.662716705682,-0.559944166697,-0.325927782596,-0.599350620421,-0.560073411645,-0.642704464293,-0.555281097042,-0.329582692349,-0.666098919861,-0.660411491202,-0.531755115319
-0.600519219635,-0.506439308858,-0.467305289002,-0.400836896184,-0.481032051934,-0.57811181474,-0.404075238985,-0.543000168548,-0.413594935409,-0.520702077463,-0.406779312253,-0.341701416194,-0.430848889413,-0.664794107268,-0.409552106789,-0.560009723165,-0.579920873133,-0.534211120858,-0.529848873776,-0.587739597518,-0.407522453567,-0.540274429621,-0.478681433118,-0.513019810168,-0.579132795542,-0.51341930137,0.0,-0.617034462925,-0.667893357299,-0.577258885741,-0.422734418653,-0.414426569486,-0.562713469956,-0.596445025353,-0.365887364711,-0.403900741479,-0.530257353592,-0.685826840733,-0.616169311585,-0.550505392391,-0.406139058153,-0.453668542356,-0.591482332457,-0.530486957245,-0.356530845356,-0.532657408166,-0.459275791945,-0.320548976105,-0.468778791262,-0.564436131928,-0.563200053426,-0.383972654809,-0.566609029247,-0.615214346484,-0.587949978875,-0.592548735085,-0.38749245554,-0.682250801323,-0.650617177924,-0.424185861522
-0.591019384115,-0.606880620132,-0.627844411575,-0.536006782395,-0.560180605662,-0.652741177258,-0.535698422128,-0.651433064827,-0.534727865528,-0.617287010886,-0.536777937749,-0.589193962148,-0.574500364726,-0.680479094637,-0.567534726924,-0.595835784992,-0.631384907221,-0.553810148913,-0.568935252184,-0.573348519744,-0.535663260298,-0.616105137247,-0.542903402881,-0.563608917518,-0.587502276481,-0.552108852969,-0.617034462925,0.0,-0.658520998143,-0.593292459439,-0.603840000952,-0.54195658531,-0.592326085273,-0.561292931455,-0.504654820515,-0.491401975892,-0.640773481797,-0.657443279354,-0.574088415116,-0.559050556155,-0.607596668174,-0.600193366887,-0.585509995667,-0.577917236153,-0.610016218397,-0.630908048539,-0.645829214682,-0.606698736755,-0.577946225817,-0.632714730697,-0.596060112201,-0.51133453341,-0.582601874947,-0.582391803305,-0.591554847982,-0.587229065534,-0.528097484439,-0.670870337487,-0.668882303156,-0.561968822366
-0.654536661634,-0.652983288888,-0.661554866142,-0.62015220214,-0.615922774985,-0.668536774024,-0.637937821961,-0.659663240665,-0.648706459497,-0.654165329777,-0.634365892576,-0.662379329114,-0.670799878133,-0.664355278313,-0.669731928122,-0.663787309262,-0.6581515419,-0.647380637847,-0.660247528212,-0.655841809298,-0.641520401513,-0.661628956703,-0.655054528577,-0.643712067034,-0.660674013787,-0.669664317692,-0.667893357299,-0.658520998143,0.0,-0.659227668303,-0.653858138882,-0.653889105152,-0.651622704367,-0.654600726783,-0.641682381262,-0.646363406778,-0.668161339965,-0.660835731071,-0.649010275479,-0.6347586354,-0.667353158547,-0.670391766976,-0.659763749929,-0.661756334326,-0.670353405027,-0.666428645831,-0.668456961702,-0.656265883578,-0.606893271126,-0.655809237278,-0.628277191268,-0.638215825808,-0.644155583575,-0.666198347833,-0.660317505556,-0.651678844379,-0.64448760983,-0.663362548909,-0.683516744929,-0.668179693862
-0.640250546017,-0.655925641146,-0.517906343136,-0.528442674545,-0.563644758031,-0.65858941221,-0.581484772641,-0.660650345187,-0.547231044362,-0.667904720466,-0.565703697133,-0.513503484474,-0.558654039006,-0.669002375,-0.501044185012,-0.635345534747,-0.655406262892,-0.501756886961,-0.612733523801,-0.613372597311,-0.515147251164,-0.664075446724,-0.577619004203,-0.580524827395,-0.645073083146,-0.59877866084,-0.577258885741,-0.593292459439,-0.659227668303,0.0,-0.567920356375,-0.487548121198,-0.63589309966,-0.592968482479,-0.371175009239,-0.570307613874,-0.675880309009,-0.667169389576,-0.570241364708,-0.605618524574,-0.634129317459,-0.535354940275,-0.613397196554,-0.609454218505,-0.619292435825,-0.669398902672,-0.633287283306,-0.556273155771,-0.579488143108,-0.683773674299,-0.614947516595,-0.413157988649,-0.618842665473,-0.597406158557,-0.659846502381,-0.576451310041,-0.456852833815,-0.674489815607,-0.641939790085,-0.57381778355
-0.566379453259,-0.477723647387,-0.461496883116,-0.394912160833,-0.455079395414,-0.597695426279,-0.391984937039,-0.544285257187,-0.403553338602,-0.509180672752,-0.397025835841,-0.477945664877,-0.423620374975,-0.670396235227,-0.403918365354,-0.532996854702,-0.569251855005,-0.535324084815,-0.510656388115,-0.567592904625,-0.410307937118,-0.528688741153,-0.459229778929,-0.503299942623,-0.55222584232,-0.47652206584,-0.422734418653,-0.603840000952,-0.653858138882,-0.567920356375,0.0,-0.312145061297,-0.541750750145,-0.589844793083,-0.366460930222,-0.392687070883,-0.51136030385,-0.681087854895,-0.607351736406,-0.556581444565,-0.34820417305,-0.444986193914,-0.567574172471,-0.498729504257,-0.392678775146,-0.563204076062,-0.459488672485,-0.611607294842,-0.45570785718,-0.568331018548,-0.540945678342,-0.39674153466,-0.523104327917,-0.600955686413,-0.567645836368,-0.566847439293,-0.395977190129,-0.677790615231,-0.648056698932,-0.407589567889
-0.527049306998,-0.657687620746,-0.45782700266,-0.344388156848,-0.332718130497,-0.614576707561,-0.349641294117,-0.611848975213,-0.148484346197,-0.555797186726,-0.347024606566,-0.371024948257,-0.361132859563,-0.669432823401,-0.358948486437,-0.511067716251,-0.584655571636,-0.426476532419,-0.562017652785,-0.521250877228,-0.0726814887655,-0.566366565596,-0.35958018056,-0.370548063244,-0.562173812907,-0.456504611841,-0.414426569486,-0.54195658531,-0.653889105152,-0.487548121198,-0.312145061297,0.0,-0.461338614897,-0.485141976562,-0.179726349233,-0.349032442439,-0.58636259086,-0.652477754875,-0.498395407569,-0.496861554819,-0.429267783657,-0.39631219239,-0.628579131508,-0.519465800075,-0.302310170773,-0.629949598103,-0.542299042587,-0.313979809061,-0.476773314226,-0.583722707614,-0.530499055234,-0.112560651486,-0.630790656748,-0.491319198746,-0.569855035448,-0.575022460818,-0.0661151275877,-0.669467474178,-0.605406685461,-0.391574478227
-0.578950997901,-0.634272873768,-0.489307970924,-0.522329553807,-0.545679427347,-0.674816091379,-0.544032760153,-0.635942913994,-0.464868909504,-0.584142381945,-0.538987940043,-0.508426073981,-0.522014274005,-0.658105227153,-0.479795254644,-0.564878485575,-0.651879737543,-0.574308070612,-0.611275590689,-0.617979805066,-0.454780653389,-0.594778843391,-0.566654986982,-0.578006132755,-0.629074061544,-0.563738756973,-0.562713469956,-0.592326085273,-0.651622704367,-0.63589309966,-0.541750750145,-0.461338614897,0.0,-0.619449582025,-0.395195390121,-0.543053495593,-0.656760835129,-0.664806309403,-0.573003661842,-0.590853481347,-0.590637733307,-0.520259516195,-0.654582234749,-0.627228358165,-0.561272804235,-0.624020106575,-0.614606331832,-0.515954224568,-0.58564725251,-0.634688429235,-0.620291529916,-0.400520885804,-0.60490672791,-0.590911161216,-0.620053264285,-0.60389931271,-0.444282199291,-0.665839791495,-0.688898963422,-0.550383635208
-0.602347102241,-0.66583141632,-0.519863280391,-0.489176651087,-0.527707100228,-0.654158461584,-0.517951885958,-0.669881502582,-0.503905839484,-0.653795559431,-0.511015716449,-0.53427336165,-0.519795027847,-0.668599258445,-0.48825652752,-0.594340925454,-0.651662689582,-0.488117192917,-0.557797684317,-0.559115358804,-0.493802855096,-0.654172480954,-0.537016077715,-0.533391760563,-0.606136831335,-0.548407853368,-0.596445025353,-0.561292931455,-0.654600726783,-0.592968482479,-0.589844793083,-0.485141976562,-0.619449582025,0.0,-0.395613767049,-0.533107355233,-0.671509880804,-0.661653839486,-0.583775240597,-0.58235154317,-0.650174189109,-0.504805116374,-0.615346939271,-0.559195180104,-0.634335165708,-0.682292844856,-0.64560632354,-0.581595239732,-0.591435619566,-0.671455210958,-0.579223893145,-0.401359962108,-0.601160959191,-0.5459872759,-0.643747391278,-0.559201028893,-0.452126433952,-0.673612331366,-0.654936234441,-0.547441623186
-0.366863495606,-0.363284974473,-0.438349636979,-0.254063541829,-0.299266910951,-0.483822347119,-0.160396495414,-0.487771520529,-0.277774963253,-0.35730142733,-0.195530345406,-0.371328151869,-0.329877350335,-0.636237385145,-0.366583675932,-0.39403720756,-0.429927754833,-0.35674306788,-0.328089206331,-0.386642800255,-0.301766599074,-0.371686269278,-0.222945764378,-0.296443425646,-0.394859029734,-0.316399265046,-0.365887364711,-0.504654820515,-0.641682381262,-0.371175009239,-0.366460930222,-0.179726349233,-0.395195390121,-0.395613767049,0.0,-0.176613910725,-0.381872531551,-0.615462896703,-0.48986495893,-0.392653728719,-0.318940442522,-0.390730664367,-0.424949237544,-0.32166338007,-0.278373558505,-0.394561604913,-0.457668084055,-0.330535078587,-0.349423771474,-0.411412151706,-0.369196113539,-0.340296185722,-0.335461467004,-0.453482554067,-0.373059386936,-0.376756999264,-0.318222597057,-0.623543086588,-0.599608796969,-0.30160124826
-0.578760126533,-0.599123006879,-0.425894540318,-0.0216390279552,-0.417571388888,-0.604235035048,0.0,-0.515907179071,-0.314166494719,-0.452974521787,-0.0175827789482,-0.319413447317,-0.36174924562,-0.648383963095,-0.320620443747,-0.520316470269,-0.614295501075,-0.409270806138,-0.443858921491,-0.506675772215,-0.318743979743,-0.547384081396,-0.226222194197,-0.362798468891,-0.503888355175,-0.472586246393,-0.403900741479,-0.491401975892,-0.646363406778,-0.570307613874,-0.392687070883,-0.349032442439,-0.543053495593,-0.533107355233,-0.176613910725,0.0,-0.518512749981,-0.648687056784,-0.55602918323,-0.514067473224,-0.404119417675,-0.368567064279,-0.560360571857,-0.411077012858,-0.297781747017,-0.614867255932,-0.490392983283,-0.306388027127,-0.493981385043,-0.614888057821,-0.492134594333,-0.2655080212,-0.525511876046,-0.550761201478,-0.536837663432,-0.52990447208,-0.283245677762,-0.668968794993,-0.643879264889,-0.35771196254
-0.686966549671,-0.658096227474,-0.497540351086,-0.50787736796,-0.664067407667,-0.66066288204,-0.540803650794,-0.595226841487,-0.605847243821,-0.616135295787,-0.5247042165,-0.434349382011,-0.557803925856,-0.674235900585,-0.494409860687,-0.638272629192,-0.672319804287,-0.627369468694,-0.643925678443,-0.680549998212,-0.58868286238,-0.651267691551,-0.60981925763,-0.656942922501,-0.668927161758,-0.651243776618,-0.530257353592,-0.640773481797,-0.668161339965,-0.675880309009,-0.51136030385,-0.58636259086,-0.656760835129,-0.671509880804,-0.381872531551,-0.518512749981,0.0,-0.688993651692,-0.625169026123,-0.643814055301,-0.55608257238,-0.511778867336,-0.678686298378,-0.640347299182,-0.528415460779,-0.667433914671,-0.527771501448,-0.470741836343,-0.615476255719,-0.674317221677,-0.654595210062,-0.463704459265,-0.679700976776,-0.66007796863,-0.680249882762,-0.677487623758,-0.517228886317,-0.692442362602,-0.662269019663,-0.58602299441
-0.665784859354,-0.67725543171,-0.656028006693,-0.654968991857,-0.667057684919,-0.681960094546,-0.655209998487,-0.663646222387,-0.659178868507,-0.650348052853,-0.65571312214,-0.664330637365,-0.653641457,-0.68890296072,-0.630797929662,-0.655829054473,-0.66569216103,-0.655292812914,-0.669560614565,-0.672697680943,-0.65728932,-0.649108766922,-0.658574476176,-0.662488616317,-0.663544168282,-0.654650331245,-0.685826840733,-0.657443279354,-0.660835731071,-0.667169389576,-0.681087854895,-0.652477754875,-0.664806309403,-0.661653839486,-0.615462896703,-0.648687056784,-0.688993651692,0.0,-0.645742038292,-0.656391340571,-0.688489611316,-0.657898190608,-0.654942872483,-0.673145302408,-0.691576886156,-0.684740712684,-0.673299394266,-0.68343619701,-0.667724475174,-0.662180504016,-0.668815804427,-0.62885132126,-0.664326159063,-0.662956566813,-0.652624029306,-0.672985421415,-0.646291900139,-0.661155730681,-0.691537713509,-0.643048182346
-0.588642346957,-0.610643280831,-0.56460540742,-0.549960631247,-0.555347118044,-0.641273983668,-0.521116431855,-0.636413332549,-0.509007298091,-0.582761014722,-0.539716854129,-0.569607968747,-0.571288709291,-0.63471619264,-0.550469052694,-0.583072539608,-0.635222693693,-0.522042229195,-0.55816841578,-0.569705595129,-0.502636676959,-0.613981464372,-0.502493181761,-0.521630542185,-0.585246750551,-0.564198799671,-0.616169311585,-0.574088415116,-0.649010275479,-0.570241364708,-0.607351736406,-0.498395407569,-0.573003661842,-0.583775240597,-0.48986495893,-0.55602918323,-0.625169026123,-0.645742038292,0.0,-0.564457563901,-0.615905466279,-0.544966880085,-0.594369150931,-0.574833446153,-0.606514276936,-0.629918270319,-0.641825526915,-0.601593985947,-0.60439262294,-0.608358506939,-0.58387049462,-0.450748949064,-0.563327235249,-0.579736199101,-0.57740308571,-0.561761681665,-0.489174826267,-0.664896050247,-0.651065324445,-0.565448047099
-0.615027612477,-0.624101563209,-0.533847984847,-0.499945988769,-0.564216599254,-0.643976433763,-0.486423150375,-0.600042181858,-0.47470667479,-0.584565842723,-0.483060033797,-0.491152608294,-0.552554159566,-0.664381778526,-0.503646281235,-0.612234737942,-0.642887947689,-0.505641186145,-0.579470293787,-0.582950851061,-0.475160162476,-0.611014591035,-0.476592216814,-0.518252971305,-0.598979395152,-0.572848563714,-0.550505392391,-0.559050556155,-0.6347586354,-0.605618524574,-0.556581444565,-0.496861554819,-0.590853481347,-0.58235154317,-0.392653728719,-0.514067473224,-0.643814055301,-0.656391340571,-0.564457563901,0.0,-0.58279679757,-0.515797914893,-0.613029228152,-0.594839638102,-0.561036049235,-0.62760950756,-0.590913570456,-0.530876052379,-0.616977914039,-0.632182411601,-0.596819416344,-0.403102395551,-0.593638019933,-0.595056962067,-0.598017897511,-0.588220972097,-0.432371084824,-0.670247418694,-0.672563608922,-0.560272322719
-0.662029307433,-0.581637928784,-0.439764771535,-0.386215811115,-0.562337992627,-0.624712666441,-0.406576885348,-0.548521351148,-0.436197282203,-0.548433833468,-0.404225170441,-0.285818290128,-0.457146042004,-0.66604543395,-0.387489163412,-0.587680219606,-0.642118688824,-0.566540793709,-0.591336259646,-0.638282914356,-0.429788032702,-0.601928914449,-0.528847589812,-0.578666888473,-0.638709105735,-0.57420548233,-0.406139058153,-0.607596668174,-0.667353158547,-0.634129317459,-0.34820417305,-0.429267783657,-0.590637733307,-0.650174189109,-0.318940442522,-0.404119417675,-0.55608257238,-0.688489611316,-0.615905466279,-0.58279679757,0.0,-0.434877917551,-0.64570575967,-0.588998464868,-0.290261115058,-0.607603245179,-0.462597656744,-0.241616125633,-0.533826374338,-0.622678875299,-0.619391357345,-0.358007827809,-0.643525735753,-0.62216767324,-0.651879888932,-0.633411949508,-0.373921310238,-0.694318438205,-0.651547006234,-0.462823813779
-0.524004190477,-0.508995004966,-0.532740215241,-0.377768638405,-0.3229418008,-0.560682672268,-0.366013828103,-0.589426306657,-0.373012386871,-0.508082706009,-0.373175616336,-0.441073519627,-0.360173310776,-0.67686699727,-0.321518307737,-0.532410855076,-0.581926688439,-0.443200871408,-0.458285018967,-0.469597633232,-0.37741696763,-0.497665814207,-0.374755690063,-0.431019064773,-0.493356284963,-0.385249388042,-0.453668542356,-0.600193366887,-0.670391766976,-0.535354940275,-0.444986193914,-0.39631219239,-0.520259516195,-0.504805116374,-0.390730664367,-0.368567064279,-0.511778867336,-0.657898190608,-0.544966880085,-0.515797914893,-0.434877917551,0.0,-0.522457861996,-0.391829909216,-0.390830702965,-0.551149887509,-0.552855620034,-0.416440703495,-0.31827583637,-0.569191630442,-0.459413115934,-0.393409429953,-0.463855457519,-0.524506748384,-0.500522942506,-0.518182852501,-0.383587176577,-0.656093060109,-0.647680721068,-0.28058751376
